   6995 35
   6985 36
   6970 37
   7153 38
   6772 39
   7145 40
   7228 41
   7209 42
   7400 43
   7273 44
   7453 45
   7506 46
  10529 47
  11283 48
  11594 49
  11260 50
  12608 51
  14323 52
  15330 53
  12897 54
  11298 55
  11415 56
  11455 57
  11691 58
  10241 59
   8825 60
   8877 61
   8482 62
   8000 63
   7857 64
   7730 65
   7681 66
   7645 67
   7653 68
   7911 69
   7727 70
   7869 71
   7874 72
   7930 73
   7937 74
   8009 75
   8323 76
   8119 77
   8206 78
   8462 79
   8636 80
   8792 81
   8487 82
   8882 83
   8843 84
   8297 85
   8757 86
   8461 87
   8975 88
   9434 89
  10054 90
  10302 91
   9884 92
  10481 93
  10604 94
  11522 95
  11016 96
  10605 97
  11604 98
  12025 99
  12258 100
  12504 101
  12363 102
  13094 103
  13622 104
  13789 105
  13888 106
  14042 107
  14177 108
  14761 109
  15766 110
  15878 111
  16601 112
  17096 113
  17485 114
  17995 115
  19194 116
  20015 117
  20519 118
  20515 119
  21593 120
  22832 121
  23653 122
  25701 123
  26192 124
  27134 125
  28624 126
  30402 127
  30618 128
  31935 129
  33290 130
  33180 131
  35103 132
  36570 133
  37337 134
  39262 135
  39615 136
  40116 137
  41017 138
  41981 139
  42964 140
  43016 141
  43834 142
  47269 143
  52079 144
  84066 145
 216837 146
 698213 147
 128661 148
1035859 149
37683024 150
