   6776 35
   6842 36
   6990 37
   6775 38
   7203 39
   7069 40
   6683 41
   7071 42
   7046 43
   6897 44
   6989 45
   6956 46
   7360 47
   7192 48
   7421 49
   7434 50
   7190 51
   7505 52
   7623 53
   7305 54
   7685 55
   7719 56
   7698 57
   7682 58
   7785 59
   7938 60
   7785 61
   8080 62
   8212 63
   8394 64
   8048 65
   8226 66
   8682 67
   8489 68
   8580 69
   8204 70
   8675 71
   8605 72
   8421 73
   8868 74
   8676 75
   8769 76
   9068 77
   8918 78
   9276 79
   9487 80
   9192 81
   9484 82
   9550 83
   9631 84
   9904 85
   9867 86
  10006 87
   9864 88
  10227 89
  10555 90
  10720 91
  10530 92
  10644 93
  10710 94
  11809 95
  11268 96
  11376 97
  12082 98
  11924 99
  12125 100
  13030 101
  12946 102
  13428 103
  13844 104
  14395 105
  14767 106
  15250 107
  14863 108
  15638 109
  16174 110
  17154 111
  17384 112
  18016 113
  18201 114
  19091 115
  19890 116
  20485 117
  21393 118
  21406 119
  22389 120
  23838 121
  24092 122
  25098 123
  25811 124
  27458 125
  28605 126
  29683 127
  30442 128
  30721 129
  31895 130
  32654 131
  33852 132
  35592 133
  37120 134
  38822 135
  40066 136
  41463 137
  41935 138
  44117 139
  45279 140
  45374 141
  46703 142
  49875 143
  58766 144
  99138 145
 269460 146
 934362 147
 180697 148
1688770 149
36683133 150
