   6462 35
   6495 36
   6915 37
   6821 38
   6822 39
   7002 40
   7113 41
   7097 42
   7017 43
   7073 44
   7206 45
   7261 46
  11036 47
  12763 48
  13491 49
  11085 50
  14643 51
  17757 52
  18490 53
  15911 54
  12551 55
  13822 56
  12409 57
  13264 58
  10355 59
   8811 60
   8836 61
   8897 62
   8177 63
   8047 64
   7891 65
   7809 66
   8031 67
   7750 68
   8315 69
   8318 70
   8395 71
   8631 72
   8767 73
   9078 74
   9322 75
  10083 76
  10083 77
  10528 78
  11363 79
  11828 80
  12244 81
  12372 82
  13654 83
  13504 84
  14219 85
  14921 86
  15717 87
  16612 88
  18429 89
  19743 90
  20658 91
  21786 92
  22846 93
  25005 94
  26576 95
  26845 96
  27865 97
  29957 98
  31169 99
  33182 100
  35172 101
  36038 102
  38064 103
  40485 104
  41560 105
  44184 106
  45463 107
  47374 108
  50491 109
  53971 110
  54732 111
  57566 112
  60526 113
  61573 114
  63847 115
  68109 116
  70957 117
  73479 118
  75284 119
  77417 120
  81945 121
  84183 122
  89623 123
  89900 124
  93402 125
  95896 126
  99686 127
 103197 128
 105234 129
 107975 130
 111273 131
 111288 132
 117007 133
 118684 134
 123861 135
 124170 136
 125811 137
 124537 138
 128606 139
 127468 140
 131851 141
 129208 142
 134641 143
 139882 144
 167144 145
 261497 146
 622889 147
  88580 148
 713204 149
28043359 150
