   5732 35
   5978 36
   5716 37
   5863 38
   6126 39
   6081 40
   6098 41
   6132 42
   6446 43
   5982 44
   6271 45
   6166 46
   6266 47
   6285 48
   6344 49
   6552 50
   6367 51
   6590 52
   6614 53
   6508 54
   6759 55
   6713 56
   6575 57
   6947 58
   7093 59
   7023 60
   7335 61
   7210 62
   7367 63
   7914 64
   7591 65
   7631 66
   7953 67
   8244 68
   8687 69
   8309 70
   8667 71
   8856 72
   9100 73
   9733 74
   9563 75
   9995 76
  10412 77
  10717 78
  11201 79
  11865 80
  11755 81
  12513 82
  13175 83
  13596 84
  14305 85
  14792 86
  15450 87
  16391 88
  17163 89
  18592 90
  19343 91
  20606 92
  21425 93
  22716 94
  24590 95
  25116 96
  26216 97
  27794 98
  28108 99
  29835 100
  32057 101
  33189 102
  34732 103
  37132 104
  37745 105
  40000 106
  42100 107
  43511 108
  46208 109
  49300 110
  50682 111
  53188 112
  55507 113
  56094 114
  58242 115
  61666 116
  63773 117
  69614 118
  71631 119
  75627 120
  78896 121
  82325 122
  86596 123
  88659 124
  93689 125
  95952 126
  99099 127
 102510 128
 102831 129
 105542 130
 109652 131
 110136 132
 114832 133
 118897 134
 123718 135
 125950 136
 128559 137
 127875 138
 133759 139
 132430 140
 136210 141
 135290 142
 140575 143
 146886 144
 177196 145
 290071 146
 831056 147
  98458 148
 815841 149
27876872 150
